1.3648190064863726
0.9600503823973916
0.8965352719480341
0.8114406574856151
0.7776827107776295
0.7684521241621538
0.740228680047122
0.7270644036206332
0.729580743746324
0.7200266339562156
0.7018176317214966
0.6989767822352323
0.6827550801363859
0.6583474603566256
0.6828997460278597
0.6612261208620939
0.6418758088892157
0.6554845083843578
0.6438392183997415
0.6351495656100187
0.620088745247234
0.6339657848531549
0.6276471289721403
0.618280437859622
0.6136297691952098
0.6024445186961781
0.6123775839805603
0.6031397635286505
0.5778330401940779
0.5871543396602977
0.5683196945623918
0.5751600644805215
0.582896275953813
0.5711579377000983
0.578108624978499
0.5647896961732344
0.5697413412007418
0.5679767673665826
0.5699853626164523
0.5569533055478876
0.5610233762047507
0.5574670704928312
0.5394351211461154
0.5638460733673789
0.562158920548179
0.548041433095932
0.5532347776673057
0.5596940571611578
0.5468144687739286
0.5583994551138445
0.5512607558207079
0.5763125311244618
0.5681196708570827
0.5779251469807192
0.5563918595964258
0.5697485614906658
0.5598753690719604
0.554785131053491
0.5561920174143531
0.5774870853532444
0.5559872768142007
0.5664854605089534
0.5619668513536453
0.5516623949462717
0.5562795481898568
0.5488643063740297
0.5633819780566476
0.5564247180115093
0.5481656383384358
0.576352821155028
0.563380624760281
0.5460496802221645
0.5318941961635243
0.5500386533412066
0.5301941240375693
0.5615230920639905
0.5428763180971146
0.5508543171665885
0.5527555712244727
0.5584038279273293
0.5425472543998198
0.553401306271553
0.5417349772019819
0.531395822763443
0.5675212144851685
0.5533096505837007
0.5528652288696982
0.5251177617094733
0.5454969162290747
0.5521586713465777
0.5448282984170046
0.5406226475130428
0.5412410944700241
0.5508252585476096
0.5445143390785564
0.5492826754396612
0.5581846304915168
0.569719750772823
0.5515615655617281
0.5488279651511799
