1.76327429826443
1.2534173465037084
0.9928223078067486
0.8219880694216424
0.7616976476632632
0.7346850961119265
0.715063913837894
0.6794606463594751
0.655306929742897
0.639314903990253
0.6348648975183676
0.6247081818816426
0.6190717262881142
0.6103429990810353
0.6047020737941449
0.6005815997883514
0.597815732379536
0.5888782530040532
0.586476078072747
0.5816754687290925
0.5708861568799386
0.5717708892547168
0.5658795001742604
0.565512743625012
0.5794616302291116
0.5629555933423095
0.5607558495395786
0.557441981939169
0.555759880732704
0.5524783514358185
0.5562876941083552
0.5470954178126304
0.5454204301912706
0.5447767743697534
0.5400486822639193
0.5419947148024381
0.5367937106025088
0.5376709198558723
0.5356533894172082
0.5316167604792249
0.5303587086580612
0.5299629125293794
0.5304289222746105
0.5275635221502283
0.5256625127333862
0.5268611760584863
0.5259617213364486
0.5263394941012938
0.5230504187581303
0.5223666686605621
0.5296191132231934
0.5245907763095751
0.5210384013718121
0.5183888308805962
0.5147025161410032
0.510319764075214
0.5060350042499908
0.506536003498182
0.5087534452954384
0.5041371576590081
0.5035230264271775
0.5017137792828965
0.4981408319244646
0.49856808152917315
0.49837693433239033
0.4930787798476546
0.4949260658597293
0.4978063153077478
0.49390217139296333
0.4956037625058057
0.49450157464367067
0.4960161660632042
0.4899445214500166
0.4919413341234808
0.48866680582908734
0.4888479569186903
0.4937841065942425
0.49276905900811496
0.49563582449743193
0.48886819563499867
0.49633306926243925
0.4888389238755997
0.49024547248670497
0.4907605839918738
0.4901460501429153
0.4883616251488255
0.49079886968821695
0.4886698695078288
0.49387985557725983
0.491024153853116
0.49170207185288
0.4906867063208802
0.4891782089455487
0.4925013486653158
0.49019587742139215
0.4888071029153589
0.4896097428178134
0.48982734541370443
0.4911439732329486
0.487479001855197
