1.1294699311256409
0.8992338445451524
0.836551829179128
0.7654953320821126
0.7336971296204461
0.7215584026442634
0.671015383137597
0.678319776058197
0.6486150556140475
0.6325413266817729
0.6207023647096422
0.6135368148485819
0.6115005705091688
0.6121518598662482
0.5903275781207614
0.5794000996483697
0.5654551022582583
0.5605646186404758
0.5554565184646183
0.5548559341165754
0.5424284080664317
0.5376486526595221
0.5417077985074785
0.5417050017250908
0.5312496099207137
0.5279908968342675
0.5189174261358049
0.5257302496168349
0.5156966898176405
0.5208557632234362
0.5053713758786519
0.5090454406208462
0.5002349370055729
0.49555126428604124
0.5001365456316206
0.4981839742925432
0.48753469851281905
0.4876195357905494
0.48722246752844917
0.4909308738178677
0.4894150389565362
0.48103541798061794
0.47781965798801845
0.46846046845118205
0.47730534738964503
0.47937987910376656
0.48396776914596557
0.44677396880255804
0.4605229159196218
0.4493971930609809
0.49567096491358176
0.49247704957848165
0.4800577808671923
0.501477476821017
0.4674919398862924
0.47778871077210155
0.4597432288660932
0.4689541094338716
0.4638040283722664
0.4537111227192096
0.44193963995620383
0.46104162842480106
0.4566564382012211
0.44663913080941386
0.4405972624002998
0.45061851126044544
0.4479078392484295
0.4449574960701501
0.4403472502729786
0.4397540701859033
0.43113854394030215
0.43819852773822954
0.43567892197352737
0.43930638459191396
0.4335445623789261
0.428024452124069
0.4284528983173086
0.43021436591646567
0.4326756472018228
0.4258856608796476
0.41740745261533935
0.4291934677914007
0.4167299986775242
0.4262750651409377
0.42608408118361857
0.4238726928162931
0.43206742227967104
0.42861242881461753
0.42226634185705614
0.4317406958608485
0.43283226952623965
0.42653174587150117
0.4250931641948757
0.42238841661766396
0.42100743615805214
0.4334370760775324
0.41768196314128475
0.42816322018851094
0.4159569402239216
0.41995685358545676
